WBAN,Date,Time,StationType,SkyCondition,SkyConditionFlag,Visibility,VisibilityFlag,WeatherType,WeatherTypeFlag,DryBulbFarenheit,DryBulbFarenheitFlag,DryBulbCelsius,DryBulbCelsiusFlag,WetBulbFarenheit,WetBulbFarenheitFlag,WetBulbCelsius,WetBulbCelsiusFlag,DewPointFarenheit,DewPointFarenheitFlag,DewPointCelsius,DewPointCelsiusFlag,RelativeHumidity,RelativeHumidityFlag,WindSpeed,WindSpeedFlag,WindDirection,WindDirectionFlag,ValueForWindCharacter,ValueForWindCharacterFlag,StationPressure,StationPressureFlag,PressureTendency,PressureTendencyFlag,PressureChange,PressureChangeFlag,SeaLevelPressure,SeaLevelPressureFlag,RecordType,RecordTypeFlag,HourlyPrecip,HourlyPrecipFlag,Altimeter,AltimeterFlag
14733,20160501,0054,11,SCT033 SCT047 OVC080, ,10.00, ,-RA, ,51, ,10.6, ,48, ,8.8, ,45, ,7.2, , 80, , 7, ,110, , , ,29.28, , , , , ,30.04, ,AA, ,0.01, ,30.04, 
14733,20160501,0154,11,BKN034 BKN055 OVC070, , 7.00, ,-RA, ,50, ,10.0, ,48, ,8.8, ,46, ,7.8, , 86, , 7, ,080, , , ,29.26, , , , , ,30.02, ,AA, ,0.03, ,30.02, 
14733,20160501,0254,11,FEW032 BKN050 OVC065, , 6.00, ,-RA BR, ,49, ,9.4, ,48, ,8.6, ,46, ,7.8, , 89, , 9, ,070, , , ,29.24, , , , , ,30.00, ,AA, ,0.05, ,30.00, 
14733,20160501,0354,11,FEW028 BKN047 OVC065, , 5.00, ,RA BR, ,49, ,9.4, ,48, ,8.6, ,46, ,7.8, , 89, ,11, ,070, , , ,29.22, , , , , ,29.99, ,AA, ,0.09, ,29.98, 
14733,20160501,0454,11,BKN032 OVC042, , 6.00, ,-RA BR, ,48, ,8.9, ,47, ,8.3, ,46, ,7.8, , 93, ,10, ,070, , , ,29.21, , , , , ,29.96, ,AA, ,0.07, ,29.96, 
14733,20160501,0554,11,BKN031 OVC036, , 5.00, ,-RA BR, ,49, ,9.4, ,48, ,8.6, ,46, ,7.8, , 89, ,10, ,070, , , ,29.18, , , , , ,29.95, ,AA, ,0.03, ,29.94, 
14733,20160501,0654,11,BKN030 OVC034, , 8.00, ,-RA, ,49, ,9.4, ,48, ,8.6, ,46, ,7.8, , 89, ,10, ,070, , , ,29.18, , , , , ,29.94, ,AA, ,0.01, ,29.93, 
14733,20160501,0730,11,FEW010 BKN026 OVC035, ,10.00, , , ,50, ,10.0, ,48, ,9.1, ,47, ,8.3, , 90, , 9, ,080, , , ,29.18, , , , , ,M, ,SP, , , ,29.93, 
14733,20160501,0754,11,BKN017 OVC022, , 2.50, ,-RA BR, ,50, ,10.0, ,48, ,9.1, ,47, ,8.3, , 90, , 7, ,080, , , ,29.18, , , , , ,29.95, ,AA, ,  T, ,29.94, 
14733,20160501,0811,11,FEW009 OVC017, , 2.50, ,-RA BR, ,50, ,10.0, ,49, ,9.4, ,48, ,8.9, , 93, , 8, ,070, , , ,29.18, , , , , ,M, ,SP, , , ,29.94, 
14733,20160501,0821,11,SCT007 BKN013 OVC019, , 2.50, ,-RA BR, ,50, ,10.0, ,49, ,9.4, ,48, ,8.9, , 93, , 7, ,080, , , ,29.18, , , , , ,M, ,SP, , , ,29.94, 
14733,20160501,0826,11,SCT007 SCT013 OVC019, , 3.00, ,-RA BR, ,50, ,10.0, ,49, ,9.4, ,48, ,8.9, , 93, , 8, ,050, , , ,29.18, , , , , ,M, ,SP, , , ,29.94, 
14733,20160501,0854,11,SCT007 OVC017, , 8.00, ,-RA, ,51, ,10.6, ,50, ,9.9, ,49, ,9.4, , 93, , 9, ,070, , , ,29.18, , , , , ,29.94, ,AA, ,0.01, ,29.93, 
14733,20160501,0905,11,BKN008 OVC015, ,10.00, ,-RA, ,51, ,10.6, ,50, ,9.9, ,49, ,9.4, , 93, , 8, ,090, , , ,29.18, , , , , ,M, ,SP, , , ,29.93, 
14733,20160501,0925,11,BKN008 OVC013, , 2.50, ,-DZ BR, ,51, ,10.6, ,50, ,9.9, ,49, ,9.4, , 93, , 8, ,080, , , ,29.15, , , , , ,M, ,SP, , , ,29.91, 
14733,20160501,0936,11,BKN008 OVC013, , 4.00, ,-DZ BR, ,51, ,10.6, ,50, ,9.9, ,49, ,9.4, , 93, , 7, ,100, , , ,29.16, , , , , ,M, ,SP, , , ,29.92, 
14733,20160501,0954,11,SCT005 OVC010, , 3.00, ,-DZ BR, ,52, ,11.1, ,51, ,10.5, ,50, ,10.0, , 93, , 8, ,090, , , ,29.16, , , , , ,29.93, ,AA, ,  T, ,29.92, 
14733,20160501,1001,11,BKN008 OVC012, , 2.50, ,-DZ BR, ,52, ,11.1, ,51, ,10.5, ,50, ,10.0, , 93, , 9, ,100, , , ,29.16, , , , , ,M, ,SP, , , ,29.92, 
14733,20160501,1043,11,BKN005 OVC009, , 3.00, ,-DZ BR, ,53, ,11.7, ,52, ,11.0, ,51, ,10.6, , 93, , 5, ,090, , , ,29.16, , , , , ,M, ,SP, , , ,29.92, 
14733,20160501,1054,11,BKN007 OVC012, , 3.00, ,-DZ BR, ,53, ,11.7, ,52, ,11.0, ,51, ,10.6, , 93, , 0, ,000, , , ,29.16, , , , , ,29.92, ,AA, ,  T, ,29.92, 
14733,20160501,1136,11,BKN004 OVC010, , 7.00, ,-DZ, ,54, ,12.2, ,52, ,11.3, ,51, ,10.6, , 90, , 0, ,000, , , ,29.15, , , , , ,M, ,SP, , , ,29.91, 
14733,20160501,1154,11,BKN004 OVC010, , 4.00, ,-DZ BR, ,54, ,12.2, ,52, ,11.3, ,51, ,10.6, , 90, , 0, ,000, , , ,29.15, , , , , ,29.91, ,AA, ,  T, ,29.91, 
14733,20160501,1220,11,BKN007 OVC011, , 9.00, ,-DZ, ,54, ,12.2, ,52, ,11.3, ,51, ,10.6, , 90, , 5, ,280, , , ,29.15, , , , , ,M, ,SP, , , ,29.91, 
14733,20160501,1248,11,BKN007 OVC012, , 2.00, ,-DZ BR, ,54, ,12.0, ,53, ,11.6, ,52, ,11.0, , 93, , 6, ,330, , , ,29.15, , , , , ,M, ,SP, , , ,29.91, 
14733,20160501,1254,11,BKN007 OVC012, , 1.75, ,-DZ BR, ,54, ,12.2, ,53, ,11.6, ,52, ,11.1, , 93, , 6, ,340, , , ,29.15, , , , , ,29.92, ,AA, ,  T, ,29.91, 
14733,20160501,1316,11,BKN006 OVC012, , 2.00, ,-DZ BR, ,54, ,12.2, ,53, ,11.6, ,52, ,11.1, , 93, , 6, ,330, , , ,29.16, , , , , ,M, ,SP, , , ,29.92, 
14733,20160501,1354,11,BKN006 OVC012, , 2.00, ,-DZ BR, ,54, ,12.2, ,52, ,11.3, ,51, ,10.6, , 90, , 5, ,360, , , ,29.16, , , , , ,29.92, ,AA, ,  T, ,29.92, 
14733,20160501,1454,11,BKN008 OVC012, , 2.00, , , ,55, ,12.8, ,52, ,11.3, ,50, ,10.0, , 83, , 3, ,300, , , ,29.16, , , , , ,29.92, ,AA, ,  T, ,29.92, 
14733,20160501,1515,11,BKN008 OVC012, ,10.00, , , ,55, ,12.8, ,52, ,11.3, ,50, ,10.0, , 83, , 8, ,320, , , ,29.16, , , , , ,M, ,SP, , , ,29.92, 
14733,20160501,1554,11,BKN008 OVC012, ,10.00, , , ,54, ,12.2, ,52, ,11.3, ,51, ,10.6, , 90, , 7, ,340, , , ,29.18, , , , , ,29.93, ,AA, , , ,29.93, 
14733,20160501,1646,11,BKN005 OVC009, , 2.00, ,BR, ,52, ,11.1, ,50, ,10.2, ,49, ,9.4, , 90, ,10, ,340, , , ,29.19, , , , , ,M, ,SP, , , ,29.95, 
14733,20160501,1652,11,BKN003 OVC006, , 1.00, ,BR, ,52, ,11.0, ,50, ,9.9, ,48, ,9.0, , 86, ,10, ,350, , , ,29.19, , , , , ,M, ,SP, , , ,29.95, 
14733,20160501,1654,11,BKN003 OVC006, , 1.00, ,BR, ,51, ,10.6, ,50, ,9.9, ,49, ,9.4, , 93, , 9, ,350, , , ,29.19, , , , , ,29.96, ,AA, , , ,29.95, 
14733,20160501,1703,11,BKN003 OVC006, , 0.50,s,BR,s,50, ,10.0, ,49, ,9.7, ,49, ,9.4, , 96, , 9, ,350, , , ,29.19, , , , , ,M, ,SP, , , ,29.95, 
14733,20160501,1737,11,BKN003 OVC006, , 1.00, ,BR, ,49, ,9.4, ,48, ,8.8, ,47, ,8.3, , 93, , 9, ,020, , , ,29.19, , , , , ,M, ,SP, , , ,29.95, 
14733,20160501,1752,11,OVC002, , 0.75, ,BR, ,48, ,9.0, ,47, ,8.3, ,46, ,8.0, , 93, ,13, ,350, , , ,29.21, , , , , ,M, ,SP, , , ,29.96, 
14733,20160501,1754,11,OVC002, , 0.75, ,BR, ,49, ,9.4, ,48, ,8.8, ,47, ,8.3, , 93, ,10, ,350, , , ,29.21, , , , , ,29.96, ,AA, , , ,29.96, 
14733,20160501,1830,11,OVC002, , 2.00, ,BR, ,46, ,7.8, ,45, ,7.2, ,44, ,6.7, , 93, , 9, ,020, , , ,29.21, , , , , ,M, ,SP, , , ,29.97, 
14733,20160501,1839,11,OVC002, , 0.75, ,BR, ,46, ,7.8, ,45, ,7.2, ,44, ,6.7, , 93, ,10, ,030, , , ,29.21, , , , , ,M, ,SP, , , ,29.97, 
14733,20160501,1852,11,M, ,M, , , ,37, ,3.0,s,M, ,M, ,M, ,M, ,M, , 7, ,010, , , ,29.22, , , , , ,M, ,SP, , , ,29.98, 
14733,20160501,1854,11,OVC003, , 5.00, ,BR, ,45, ,7.2, ,45, ,6.9, ,44, ,6.7, , 96, , 8, ,360, , , ,29.22, , , , , ,29.99, ,AA, , , ,29.98, 
14733,20160501,1954,11,OVC004, ,10.00, , , ,45, ,7.2, ,44, ,6.6, ,43, ,6.1, , 93, ,10, ,020, , , ,29.25, , , , , ,30.02, ,AA, , , ,30.01, 
14733,20160501,2054,11,OVC004, ,10.00, , , ,45, ,7.2, ,44, ,6.6, ,43, ,6.1, , 93, , 7, ,030, , , ,29.26, , , , , ,30.03, ,AA, , , ,30.02, 
14733,20160501,2154,11,OVC004, , 9.00, , , ,45, ,7.2, ,44, ,6.6, ,43, ,6.1, , 93, , 6, ,020, , , ,29.26, , , , , ,30.03, ,AA, , , ,30.02, 
14733,20160501,2254,11,OVC003, ,10.00, , , ,45, ,7.2, ,44, ,6.4, ,42, ,5.6, , 89, , 9, ,030, , , ,29.25, , , , , ,30.01, ,AA, , , ,30.01, 
14733,20160501,2354,11,OVC004, ,10.00, , , ,44, ,6.7, ,43, ,6.1, ,42, ,5.6, , 93, , 7, ,050, , , ,29.23, , , , , ,30.00, ,AA, , , ,29.99, 
14733,20160502,0054,11,OVC003, , 6.00, ,BR, ,44, ,6.7, ,44, ,6.4, ,43, ,6.1, , 96, , 8, ,060, , , ,29.23, , , , , ,29.99, ,AA, , , ,29.99, 
14733,20160502,0141,11,OVC005, ,10.00, , , ,45, ,7.2, ,44, ,6.6, ,43, ,6.1, , 93, , 9, ,060, , , ,29.21, , , , , ,M, ,SP, , , ,29.97, 
14733,20160502,0154,11,BKN005 OVC025, ,10.00, , , ,44, ,6.7, ,43, ,6.1, ,42, ,5.6, , 93, ,11, ,070, , , ,29.21, , , , , ,29.98, ,AA, , , ,29.97, 
14733,20160502,0230,11,SCT005 SCT025, ,10.00, , , ,45, ,7.2, ,44, ,6.4, ,42, ,5.6, , 89, ,11, ,110, , , ,29.19, , , , , ,M, ,SP, , , ,29.95, 
14733,20160502,0254,11,FEW005 SCT025 BKN180, ,10.00, , , ,45, ,7.2, ,44, ,6.4, ,42, ,5.6, , 89, , 7, ,090, , , ,29.19, , , , , ,29.96, ,AA, , , ,29.95, 
14733,20160502,0317,11,BKN006, ,10.00, , , ,45, ,7.2, ,44, ,6.4, ,42, ,5.6, , 89, , 8, ,030, , , ,29.18, , , , , ,M, ,SP, , , ,29.94, 
14733,20160502,0350,11,OVC004, ,10.00, , , ,45, ,7.0, ,44, ,6.6, ,43, ,6.0, , 93, ,10, ,040, , , ,29.18, , , , , ,M, ,SP, , , ,29.93, 
14733,20160502,0354,11,OVC004, ,10.00, , , ,45, ,7.2, ,44, ,6.4, ,42, ,5.6, , 89, ,10, ,050, , , ,29.18, , , , , ,29.93, ,AA, , , ,29.93, 
14733,20160502,0436,11,OVC004, , 1.75, ,BR, ,44, ,6.7, ,44, ,6.4, ,43, ,6.1, , 96, , 8, ,030, , , ,29.18, , , , , ,M, ,SP, , , ,29.93, 
14733,20160502,0446,11,VV002, , 0.50, ,-RA FG, ,44, ,6.7, ,43, ,6.1, ,42, ,5.6, , 93, ,11, ,030, , , ,29.18, , , , , ,M, ,SP, , , ,29.93, 
14733,20160502,0454,11,VV002, , 0.50, ,RA FG, ,43, ,6.1, ,43, ,5.8, ,42, ,5.6, , 96, ,11, ,030, , , ,29.18, , , , , ,29.93, ,AA, ,  T, ,29.93, 
14733,20160502,0523,11,OVC002, , 1.50, ,RA BR, ,43, ,6.1, ,43, ,5.8, ,42, ,5.6, , 96, ,10, ,050, , , ,29.18, , , , , ,M, ,SP, , , ,29.93, 
14733,20160502,0529,11,OVC002, , 3.00, ,RA BR, ,43, ,6.1, ,43, ,5.8, ,42, ,5.6, , 96, , 9, ,050, , , ,29.18, , , , , ,M, ,SP, , , ,29.94, 
14733,20160502,0554,11,OVC004, , 6.00, ,RA BR, ,43, ,6.1, ,43, ,5.8, ,42, ,5.6, , 96, , 7, ,010, , , ,29.18, , , , , ,29.96, ,AA, ,0.06, ,29.94, 
14733,20160502,0654,11,OVC004, , 3.00, ,RA BR, ,43, ,6.1, ,42, ,5.5, ,41, ,5.0, , 93, ,10, ,030, , , ,29.18, , , , , ,29.95, ,AA, ,0.15, ,29.94, 
14733,20160502,0733,11,BKN006 OVC055, , 7.00, ,-RA, ,43, ,6.1, ,43, ,5.8, ,42, ,5.6, , 96, , 9, ,050, , , ,29.18, , , , , ,M, ,SP, , , ,29.93, 
14733,20160502,0754,11,BKN006 OVC055, , 7.00, ,-RA, ,44, ,6.7, ,43, ,6.1, ,42, ,5.6, , 93, ,11, ,070, , , ,29.16, , , , , ,29.93, ,AA, ,0.08, ,29.92, 
14733,20160502,0854,11,OVC006, ,10.00, ,-RA, ,45, ,7.2, ,44, ,6.4, ,42, ,5.6, , 89, , 8, ,020, , , ,29.18, , , , , ,29.95, ,AA, ,0.01, ,29.94, 
14733,20160502,0952,11,SCT008 OVC014, , 7.00, ,-RA, ,45, ,7.0, ,44, ,6.6, ,43, ,6.0, , 93, , 7, ,360, , , ,29.21, , , , , ,M, ,SP, , , ,29.97, 
14733,20160502,0954,11,BKN007 BKN014 OVC040, , 8.00, ,-RA, ,45, ,7.2, ,44, ,6.4, ,42, ,5.6, , 89, , 9, ,360, , , ,29.21, , , , , ,29.99, ,AA, ,0.08, ,29.97, 
14733,20160502,1054,11,FEW007 BKN011 OVC035, ,10.00, ,-RA, ,46, ,7.8, ,45, ,6.9, ,43, ,6.1, , 89, , 7, ,010, , , ,29.22, , , , , ,29.99, ,AA, ,  T, ,29.98, 
14733,20160502,1154,11,FEW007 OVC013, ,10.00, , , ,47, ,8.3, ,44, ,6.7, ,41, ,5.0, , 80, , 6, ,350, , , ,29.23, , , , , ,30.00, ,AA, ,  T, ,29.99, 
14733,20160502,1254,11,FEW007 OVC012, ,10.00, , , ,48, ,8.9, ,45, ,7.0, ,41, ,5.0, , 77, , 7, ,360, , , ,29.22, , , , , ,29.99, ,AA, , , ,29.98, 
14733,20160502,1323,11,OVC015, ,10.00, , , ,49, ,9.4, ,46, ,7.8, ,43, ,6.1, , 80, , 6, ,360, , , ,29.22, , , , , ,M, ,SP, , , ,29.98, 
14733,20160502,1354,11,OVC015, ,10.00, , , ,48, ,8.9, ,45, ,7.2, ,42, ,5.6, , 80, , 0, ,000, , , ,29.22, , , , , ,29.99, ,AA, , , ,29.98, 
14733,20160502,1404,11,OVC014, ,10.00, , , ,48, ,8.9, ,45, ,7.2, ,42, ,5.6, , 80, , 6, ,010, , , ,29.22, , , , , ,M, ,SP, , , ,29.98, 
14733,20160502,1428,11,OVC015, ,10.00, , , ,49, ,9.4, ,45, ,7.3, ,41, ,5.0, , 74, , 3, ,350, , , ,29.23, , , , , ,M, ,SP, , , ,29.99, 
14733,20160502,1447,11,OVC014, ,10.00, , , ,49, ,9.4, ,46, ,7.5, ,42, ,5.6, , 77, , 7, ,340, , , ,29.23, , , , , ,M, ,SP, , , ,29.99, 
14733,20160502,1454,11,OVC014, ,10.00, , , ,49, ,9.4, ,46, ,7.5, ,42, ,5.6, , 77, , 8, ,330, , , ,29.23, , , , , ,30.01, ,AA, , , ,29.99, 
14733,20160502,1554,11,FEW011 OVC014, ,10.00, , , ,48, ,8.9, ,45, ,7.2, ,42, ,5.6, , 80, , 7, ,010, , , ,29.24, , , , , ,30.01, ,AA, , , ,30.00, 
14733,20160502,1605,11,FEW013 OVC017, ,10.00, , , ,48, ,8.9, ,45, ,7.2, ,42, ,5.6, , 80, , 5, ,VR , , , ,29.25, , , , , ,M, ,SP, , , ,30.01, 
14733,20160502,1654,11,FEW013 OVC017, ,10.00, , , ,49, ,9.4, ,45, ,7.3, ,41, ,5.0, , 74, , 6, ,020, , , ,29.23, , , , , ,30.01, ,AA, , , ,29.99, 
14733,20160502,1754,11,FEW015 BKN019, ,10.00, , , ,48, ,8.9, ,45, ,7.0, ,41, ,5.0, , 77, , 8, ,030, , , ,29.22, , , , , ,29.99, ,AA, , , ,29.98, 
14733,20160502,1854,11,BKN020 BKN140 BKN260, ,10.00, , , ,48, ,8.9, ,44, ,6.8, ,40, ,4.4, , 74, , 5, ,050, , , ,29.25, , , , , ,30.02, ,AA, , , ,30.01, 
14733,20160502,1932,11,SCT022 BKN150 BKN270, ,10.00, , , ,48, ,8.9, ,44, ,6.8, ,40, ,4.4, , 74, , 6, ,060, , , ,29.23, , , , , ,M, ,SP, , , ,29.99, 
14733,20160502,1954,11,FEW024 BKN160 BKN270, ,10.00, , , ,47, ,8.3, ,44, ,6.5, ,40, ,4.4, , 77, , 5, ,080, , , ,29.22, , , , , ,29.99, ,AA, , , ,29.98, 
14733,20160502,2054,11,FEW025 BKN140 BKN280, ,10.00, , , ,46, ,7.8, ,43, ,6.2, ,40, ,4.4, , 80, , 5, ,090, , , ,29.22, , , , , ,29.99, ,AA, , , ,29.98, 
14733,20160502,2154,11,FEW140 FEW290, ,10.00, , , ,45, ,7.2, ,43, ,5.9, ,40, ,4.4, , 83, , 5, ,080, , , ,29.21, , , , , ,29.98, ,AA, , , ,29.97, 
14733,20160502,2254,11,FEW140 FEW290, ,10.00, , , ,44, ,6.7, ,42, ,5.6, ,40, ,4.4, , 86, , 0, ,000, , , ,29.19, , , , , ,29.97, ,AA, , , ,29.95, 
14733,20160502,2354,11,FEW300, ,10.00, , , ,42, ,5.6, ,41, ,4.8, ,39, ,3.9, , 89, , 0, ,000, , , ,29.21, , , , , ,29.98, ,AA, , , ,29.96, 
14733,20160503,0054,11,FEW022 SCT300, , 9.00, , , ,41, ,5.0, ,40, ,4.5, ,39, ,3.9, , 93, , 5, ,030, , , ,29.19, , , , , ,29.97, ,AA, , , ,29.95, 
14733,20160503,0154,11,FEW022 SCT075 SCT300, , 6.00, ,BR, ,40, ,4.4, ,39, ,3.9, ,38, ,3.3, , 93, , 7, ,040, , , ,29.19, , , , , ,29.96, ,AA, , , ,29.95, 
14733,20160503,0254,11,FEW022 BKN080 BKN300, , 6.00, ,BR, ,41, ,5.0, ,40, ,4.5, ,39, ,3.9, , 93, , 6, ,040, , , ,29.18, , , , , ,29.95, ,AA, , , ,29.94, 
14733,20160503,0354,11,FEW020 FEW075 SCT300, , 7.00, , , ,41, ,5.0, ,40, ,4.5, ,39, ,3.9, , 93, , 7, ,030, , , ,29.16, , , , , ,29.94, ,AA, , , ,29.92, 
14733,20160503,0454,11,BKN080 BKN300, , 7.00, , , ,41, ,5.0, ,41, ,4.7, ,40, ,4.4, , 96, , 3, ,040, , , ,29.15, , , , , ,29.93, ,AA, , , ,29.91, 
14733,20160503,0554,11,FEW004 BKN080 BKN250, , 8.00, , , ,43, ,6.1, ,42, ,5.5, ,41, ,5.0, , 93, , 5, ,050, , , ,29.16, , , , , ,29.93, ,AA, , , ,29.92, 
14733,20160503,0654,11,FEW004 BKN080 BKN250, , 8.00, , , ,45, ,7.2, ,44, ,6.4, ,42, ,5.6, , 89, , 7, ,050, , , ,29.16, , , , , ,29.93, ,AA, , , ,29.92, 
14733,20160503,0754,11,FEW014 SCT080 SCT250, ,10.00, , , ,47, ,8.3, ,44, ,6.7, ,41, ,5.0, , 80, , 8, ,070, , , ,29.15, , , , , ,29.91, ,AA, , , ,29.90, 
14733,20160503,0854,11,FEW017 FEW080 FEW250, ,10.00, , , ,50, ,10.0, ,46, ,7.6, ,41, ,5.0, , 71, , 7, ,070, , , ,29.15, , , , , ,29.91, ,AA, , , ,29.90, 
14733,20160503,0954,11,FEW023 FEW080, ,10.00, , , ,53, ,11.7, ,48, ,8.6, ,42, ,5.6, , 66, , 7, ,090, , , ,29.13, , , , , ,29.90, ,AA, , , ,29.89, 
14733,20160503,1054,11,FEW027 FEW080, ,10.00, , , ,55, ,12.8, ,49, ,9.1, ,42, ,5.6, , 62, , 9, ,070, , , ,29.13, , , , , ,29.88, ,AA, , , ,29.88, 
14733,20160503,1154,11,SCT033 BKN080, ,10.00, , , ,56, ,13.3, ,48, ,8.9, ,40, ,4.4, , 55, ,10, ,090, ,18, ,29.10, , , , , ,29.87, ,AA, , , ,29.86, 
14733,20160503,1254,11,SCT035 BKN080, ,10.00, , , ,56, ,13.3, ,49, ,9.2, ,41, ,5.0, , 57, ,11, ,060, ,18, ,29.10, , , , , ,29.86, ,AA, , , ,29.85, 
14733,20160503,1354,11,SCT037 BKN080, ,10.00, , , ,57, ,13.9, ,48, ,9.0, ,39, ,3.9, , 51, , 6, ,070, , , ,29.09, , , , , ,29.84, ,AA, , , ,29.84, 
14733,20160503,1454,11,FEW040 BKN080, ,10.00, , , ,57, ,13.9, ,48, ,9.0, ,39, ,3.9, , 51, , 5, ,150, , , ,29.06, , , , , ,29.82, ,AA, , , ,29.81, 
14733,20160503,1554,11,SCT046 BKN080, ,10.00, , , ,58, ,14.4, ,48, ,9.0, ,38, ,3.3, , 48, , 6, ,090, , , ,29.05, , , , , ,29.81, ,AA, , , ,29.80, 
14733,20160503,1654,11,FEW045 BKN080, ,10.00, , , ,57, ,13.9, ,48, ,9.0, ,39, ,3.9, , 51, , 0, ,000, , , ,29.05, , , , , ,29.80, ,AA, , , ,29.80, 
14733,20160503,1754,11,FEW045 BKN090, ,10.00, , , ,58, ,14.4, ,49, ,9.2, ,39, ,3.9, , 49, , 0, ,000, , , ,29.04, , , , , ,29.80, ,AA, , , ,29.79, 
14733,20160503,1854,11,FEW040 BKN090, ,10.00, , , ,53, ,11.7, ,47, ,8.4, ,41, ,5.0, , 64, ,10, ,220, , , ,29.05, , , , , ,29.80, ,AA, , , ,29.80, 
14733,20160503,1954,11,BKN090, ,10.00, , , ,48, ,8.9, ,45, ,7.0, ,41, ,5.0, , 77, ,11, ,220, , , ,29.06, , , , , ,29.82, ,AA, , , ,29.81, 
14733,20160503,2054,11,BKN095, ,10.00, , , ,47, ,8.3, ,44, ,6.7, ,41, ,5.0, , 80, ,10, ,230, , , ,29.07, , , , , ,29.82, ,AA, , , ,29.82, 
14733,20160503,2154,11,BKN095, ,10.00, , , ,46, ,7.8, ,43, ,6.2, ,40, ,4.4, , 80, ,10, ,230, , , ,29.06, , , , , ,29.82, ,AA, , , ,29.81, 
14733,20160503,2254,11,BKN100, ,10.00, , , ,46, ,7.8, ,43, ,5.9, ,39, ,3.9, , 77, , 7, ,230, , , ,29.04, , , , , ,29.80, ,AA, , , ,29.79, 
14733,20160503,2354,11,OVC095, ,10.00, , , ,46, ,7.8, ,43, ,5.9, ,39, ,3.9, , 77, , 8, ,210, , , ,29.03, , , , , ,29.79, ,AA, , , ,29.78, 
14733,20160504,0054,11,BKN095, ,10.00, , , ,45, ,7.2, ,42, ,5.6, ,39, ,3.9, , 80, , 7, ,220, , , ,29.02, , , , , ,29.78, ,AA, , , ,29.77, 
14733,20160504,0154,11,BKN100, ,10.00, , , ,45, ,7.2, ,42, ,5.4, ,38, ,3.3, , 77, , 0, ,000, , , ,29.01, , , , , ,29.76, ,AA, , , ,29.76, 
14733,20160504,0254,11,SCT100, ,10.00, , , ,43, ,6.1, ,41, ,4.8, ,38, ,3.3, , 83, , 3, ,180, , , ,28.99, , , , , ,29.75, ,AA, , , ,29.74, 
14733,20160504,0354,11,FEW100, ,10.00, , , ,43, ,6.1, ,41, ,4.8, ,38, ,3.3, , 83, , 5, ,140, , , ,28.99, , , , , ,29.74, ,AA, , , ,29.74, 
14733,20160504,0454,11,CLR, ,10.00, , , ,43, ,6.1, ,41, ,4.8, ,38, ,3.3, , 83, , 0, ,000, , , ,28.98, , , , , ,29.73, ,AA, , , ,29.73, 
14733,20160504,0554,11,FEW140 SCT180 BKN220, ,10.00, , , ,43, ,6.1, ,41, ,5.1, ,39, ,3.9, , 86, , 3, ,150, , , ,28.98, , , , , ,29.74, ,AA, , , ,29.73, 
14733,20160504,0654,11,FEW120 SCT170 BKN210, ,10.00, , , ,46, ,7.8, ,43, ,6.2, ,40, ,4.4, , 80, , 3, ,140, , , ,28.99, , , , , ,29.75, ,AA, , , ,29.74, 
14733,20160504,0754,11,FEW020 FEW120 SCT180, ,10.00, , , ,50, ,10.0, ,46, ,7.5, ,41, ,5.0, , 71, , 0, ,000, , , ,28.99, , , , , ,29.75, ,AA, , , ,29.74, 
14733,20160504,0854,11,FEW032 BKN100 BKN180, ,10.00, , , ,54, ,12.2, ,47, ,8.4, ,40, ,4.4, , 59, , 5, ,030, , , ,28.98, , , , , ,29.73, ,AA, , , ,29.73, 
14733,20160504,0954,11,FEW037 BKN095 BKN230, ,10.00, , , ,58, ,14.4, ,50, ,9.7, ,41, ,5.0, , 53, , 0, ,000, , , ,28.96, , , , , ,29.72, ,AA, , , ,29.71, 
14733,20160504,1054,11,FEW044 SCT090 BKN230, ,10.00, , , ,60, ,15.6, ,50, ,10.0, ,40, ,4.4, , 48, , 9, ,090, ,16, ,28.95, , , , , ,29.70, ,AA, , , ,29.70, 
14733,20160504,1154,11,SCT050 SCT090 SCT180, ,10.00, , , ,61, ,16.1, ,49, ,9.5, ,37, ,2.8, , 41, , 9, ,030, , , ,28.94, , , , , ,29.69, ,AA, , , ,29.69, 
14733,20160504,1254,11,SCT060 BKN070 BKN085, ,10.00, , , ,61, ,16.1, ,50, ,9.8, ,38, ,3.3, , 43, ,13, ,050, , , ,28.93, , , , , ,29.68, ,AA, , , ,29.68, 
14733,20160504,1354,11,SCT060 BKN075 BKN090, ,10.00, , , ,62, ,16.7, ,50, ,10.0, ,38, ,3.3, , 41, ,13, ,060, , , ,28.92, , , , , ,29.67, ,AA, , , ,29.67, 
14733,20160504,1454,11,FEW055 BKN070 BKN085, ,10.00, , , ,61, ,16.1, ,51, ,10.7, ,42, ,5.6, , 50, ,11, ,030, ,17, ,28.91, , , , , ,29.66, ,AA, , , ,29.66, 
14733,20160504,1554,11,FEW049 BKN060 BKN075, ,10.00, , , ,60, ,15.6, ,50, ,10.2, ,41, ,5.0, , 50, ,11, ,040, , , ,28.91, , , , , ,29.66, ,AA, , , ,29.66, 
14733,20160504,1654,11,FEW034 SCT049 BKN060, ,10.00, , , ,60, ,15.6, ,51, ,10.4, ,42, ,5.6, , 52, ,10, ,040, , , ,28.92, , , , , ,29.67, ,AA, , , ,29.67, 
14733,20160504,1754,11,FEW035 FEW060 FEW095, ,10.00, , , ,59, ,15.0, ,51, ,10.4, ,43, ,6.1, , 56, ,13, ,050, , , ,28.92, , , , , ,29.68, ,AA, , , ,29.67, 
14733,20160504,1854,11,SCT100 BKN190 BKN280, ,10.00, , , ,57, ,13.9, ,50, ,9.9, ,43, ,6.1, , 60, ,11, ,050, , , ,28.94, , , , , ,29.69, ,AA, , , ,29.69, 
14733,20160504,1954,11,BKN095 BKN190 BKN280, ,10.00, , , ,55, ,12.8, ,49, ,9.4, ,43, ,6.1, , 64, ,13, ,060, , , ,28.95, , , , , ,29.70, ,AA, , , ,29.70, 
14733,20160504,2054,11,SCT080 BKN090 BKN280, ,10.00, , , ,53, ,11.7, ,48, ,8.9, ,43, ,6.1, , 69, ,10, ,050, , , ,28.97, , , , , ,29.72, ,AA, , , ,29.72, 
14733,20160504,2154,11,FEW032 SCT080 BKN090, ,10.00, , , ,53, ,11.7, ,48, ,8.9, ,43, ,6.1, , 69, , 9, ,060, , , ,28.97, , , , , ,29.72, ,AA, , , ,29.72, 
14733,20160504,2254,11,FEW030 SCT075 BKN100, ,10.00, , , ,51, ,10.6, ,47, ,8.3, ,43, ,6.1, , 74, , 9, ,050, , , ,28.97, , , , , ,29.72, ,AA, , , ,29.72, 
14733,20160504,2354,11,FEW070 BKN100 BKN250, ,10.00, , , ,50, ,10.0, ,47, ,8.0, ,43, ,6.1, , 77, , 6, ,050, , , ,28.97, , , , , ,29.72, ,AA, , , ,29.72, 
14733,20160505,0054,11,FEW070 SCT100 SCT250, ,10.00, , , ,49, ,9.4, ,46, ,7.8, ,43, ,6.1, , 80, , 5, ,030, , , ,28.97, , , , , ,29.72, ,AA, , , ,29.72, 
14733,20160505,0154,11,FEW020 SCT100 SCT250, ,10.00, , , ,48, ,8.9, ,46, ,7.8, ,44, ,6.7, , 86, , 7, ,040, , , ,28.96, , , , , ,29.71, ,AA, , , ,29.71, 
14733,20160505,0254,11,FEW045 SCT100 SCT250, ,10.00, , , ,47, ,8.3, ,46, ,7.5, ,44, ,6.7, , 89, , 7, ,040, , , ,28.96, , , , , ,29.72, ,AA, , , ,29.71, 
14733,20160505,0338,11,SCT005 BKN055 BKN100, ,10.00, , , ,47, ,8.3, ,46, ,7.5, ,44, ,6.7, , 89, , 7, ,020, , , ,28.97, , , , , ,M, ,SP, , , ,29.72, 
14733,20160505,0347,11,BKN005 BKN055 OVC100, ,10.00, , , ,47, ,8.3, ,46, ,7.5, ,44, ,6.7, , 89, , 8, ,020, , , ,28.98, , , , , ,M, ,SP, , , ,29.73, 
14733,20160505,0354,11,BKN005 OVC100, ,10.00, , , ,47, ,8.3, ,46, ,7.7, ,45, ,7.2, , 93, , 7, ,020, , , ,28.98, , , , , ,29.73, ,AA, , , ,29.73, 
14733,20160505,0413,11,OVC004, , 7.00, , , ,47, ,8.3, ,46, ,7.5, ,44, ,6.7, , 89, , 6, ,030, , , ,28.98, , , , , ,M, ,SP, , , ,29.73, 
14733,20160505,0439,11,OVC002, , 0.25,s,BR,s,46, ,7.8, ,45, ,7.2, ,44, ,6.7, , 93, , 9, ,030, , , ,28.98, , , , , ,M, ,SP, , , ,29.73, 
14733,20160505,0454,11,OVC002, , 0.25,s,BR,s,46, ,7.8, ,46, ,7.5, ,45, ,7.2, , 96, , 7, ,030, , , ,28.99, , , , , ,29.74, ,AA, , , ,29.74, 
14733,20160505,0554,11,OVC002, , 0.25, ,FG, ,46, ,7.8, ,46, ,7.5, ,45, ,7.2, , 96, , 8, ,030, , , ,29.00, , , , , ,29.76, ,AA, , , ,29.75, 
14733,20160505,0638,11,OVC002, , 6.00, ,BR, ,47, ,8.3, ,46, ,7.7, ,45, ,7.2, , 93, , 9, ,030, , , ,29.01, , , , , ,M, ,SP, , , ,29.76, 
14733,20160505,0654,11,OVC003, , 5.00, ,BR, ,47, ,8.3, ,46, ,7.7, ,45, ,7.2, , 93, , 9, ,030, , , ,29.02, , , , , ,29.77, ,AA, , , ,29.77, 
14733,20160505,0752,11,OVC005, ,10.00, , , ,48, ,9.0, ,47, ,8.3, ,46, ,8.0, , 93, , 8, ,040, , , ,29.03, , , , , ,M, ,SP, , , ,29.78, 
14733,20160505,0754,11,OVC005, ,10.00, , , ,49, ,9.4, ,47, ,8.6, ,46, ,7.8, , 89, , 8, ,040, , , ,29.03, , , , , ,29.78, ,AA, , , ,29.78, 
14733,20160505,0854,11,BKN009 BKN025 BKN032, ,10.00, , , ,52, ,11.1, ,49, ,9.4, ,46, ,7.8, , 80, ,10, ,030, , , ,29.03, , , , , ,29.79, ,AA, , , ,29.78, 
14733,20160505,0901,11,SCT009 BKN025 BKN032, ,10.00, , , ,52, ,11.1, ,49, ,9.6, ,47, ,8.3, , 83, ,10, ,040, , , ,29.04, , , , , ,M, ,SP, , , ,29.79, 
14733,20160505,0954,11,FEW011 BKN021 BKN032, ,10.00, , , ,55, ,12.8, ,50, ,10.2, ,46, ,7.8, , 72, ,10, ,050, , , ,29.05, , , , , ,29.80, ,AA, , , ,29.80, 
14733,20160505,1054,11,SCT026 BKN034 BKN090, ,10.00, , , ,57, ,13.9, ,51, ,10.4, ,45, ,7.2, , 64, ,14, ,020, , , ,29.04, , , , , ,29.80, ,AA, , , ,29.79, 
14733,20160505,1154,11,BKN031 BKN090 BKN250, ,10.00, , , ,60, ,15.6, ,52, ,11.2, ,45, ,7.2, , 58, ,13, ,040, , , ,29.04, , , , , ,29.80, ,AA, , , ,29.79, 
14733,20160505,1254,11,BKN031 BKN250, ,10.00, , , ,58, ,14.4, ,51, ,10.4, ,44, ,6.7, , 60, ,14, ,040, , , ,29.04, , , , , ,29.80, ,AA, , , ,29.79, 
14733,20160505,1354,11,BKN033 BKN250, ,10.00, , , ,59, ,15.0, ,51, ,10.7, ,44, ,6.7, , 58, ,15, ,040, ,23, ,29.04, , , , , ,29.80, ,AA, , , ,29.79, 
14733,20160505,1454,11,BKN032 BKN039 BKN250, ,10.00, , , ,59, ,15.0, ,51, ,10.7, ,44, ,6.7, , 58, ,14, ,040, , , ,29.03, , , , , ,29.78, ,AA, , , ,29.78, 
14733,20160505,1554,11,BKN039 BKN045 BKN200, ,10.00, , , ,59, ,15.0, ,51, ,10.4, ,43, ,6.1, , 56, ,13, ,030, , , ,29.02, , , , , ,29.78, ,AA, , , ,29.77, 
14733,20160505,1654,11,BKN041 BKN050 BKN190, ,10.00, , , ,60, ,15.6, ,51, ,10.4, ,42, ,5.6, , 52, ,15, ,030, , , ,29.02, , , , , ,29.78, ,AA, , , ,29.77, 
14733,20160505,1754,11,SCT044 SCT150 BKN200, ,10.00, , , ,60, ,15.6, ,51, ,10.4, ,42, ,5.6, , 52, , 9, ,040, , , ,29.02, , , , , ,29.78, ,AA, , , ,29.77, 
14733,20160505,1854,11,FEW040 FEW050 SCT150, ,10.00, , , ,59, ,15.0, ,50, ,10.2, ,42, ,5.6, , 54, ,10, ,360, , , ,29.04, , , , , ,29.79, ,AA, , , ,29.79, 
14733,20160505,1954,11,FEW045 SCT150 BKN200, ,10.00, , , ,56, ,13.3, ,49, ,9.7, ,43, ,6.1, , 62, , 7, ,350, , , ,29.05, , , , , ,29.80, ,AA, , , ,29.80, 
14733,20160505,2054,11,FEW150 SCT190 BKN240, ,10.00, , , ,53, ,11.7, ,48, ,8.9, ,43, ,6.1, , 69, , 5, ,020, , , ,29.06, , , , , ,29.81, ,AA, , , ,29.81, 
14733,20160505,2154,11,FEW150 SCT240, ,10.00, , , ,52, ,11.1, ,48, ,8.6, ,43, ,6.1, , 72, , 3, ,040, , , ,29.06, , , , , ,29.82, ,AA, , , ,29.81, 
14733,20160505,2254,11,FEW150 SCT250, ,10.00, , , ,50, ,10.0, ,47, ,8.0, ,43, ,6.1, , 77, , 5, ,340, , , ,29.06, , , , , ,29.82, ,AA, , , ,29.81, 
14733,20160505,2354,11,FEW250, ,10.00, , , ,49, ,9.4, ,46, ,7.5, ,42, ,5.6, , 77, , 5, ,330, , , ,29.06, , , , , ,29.81, ,AA, , , ,29.81, 
14733,20160506,0054,11,FEW250, ,10.00, , , ,49, ,9.4, ,46, ,7.8, ,43, ,6.1, , 80, , 5, ,330, , , ,29.06, , , , , ,29.81, ,AA, , , ,29.81, 
14733,20160506,0154,11,FEW250, ,10.00, , , ,49, ,9.4, ,46, ,7.8, ,43, ,6.1, , 80, , 6, ,330, , , ,29.06, , , , , ,29.81, ,AA, , , ,29.81, 
14733,20160506,0254,11,FEW250, ,10.00, , , ,47, ,8.3, ,45, ,7.0, ,42, ,5.6, , 83, , 6, ,330, , , ,29.07, , , , , ,29.82, ,AA, , , ,29.82, 
14733,20160506,0354,11,SCT250, ,10.00, , , ,45, ,7.2, ,43, ,5.9, ,40, ,4.4, , 83, , 0, ,000, , , ,29.08, , , , , ,29.83, ,AA, , , ,29.83, 
14733,20160506,0454,11,SCT250, ,10.00, , , ,44, ,6.7, ,43, ,5.8, ,41, ,5.0, , 89, , 0, ,000, , , ,29.07, , , , , ,29.83, ,AA, , , ,29.82, 
14733,20160506,0554,11,FEW250, ,10.00, , , ,45, ,7.2, ,44, ,6.4, ,42, ,5.6, , 89, , 0, ,000, , , ,29.09, , , , , ,29.84, ,AA, , , ,29.84, 
14733,20160506,0654,11,FEW250, ,10.00, , , ,51, ,10.6, ,47, ,8.3, ,43, ,6.1, , 74, , 3, ,040, , , ,29.10, , , , , ,29.86, ,AA, , , ,29.85, 
14733,20160506,0754,11,FEW250, ,10.00, , , ,56, ,13.3, ,49, ,9.7, ,43, ,6.1, , 62, , 8, ,020, , , ,29.10, , , , , ,29.86, ,AA, , , ,29.86, 
14733,20160506,0854,11,FEW040 FEW120 FEW220, ,10.00, , , ,60, ,15.6, ,51, ,10.4, ,42, ,5.6, , 52, ,10, ,020, , , ,29.12, , , , , ,29.87, ,AA, , , ,29.87, 
14733,20160506,0954,11,FEW048 FEW120 FEW210, ,10.00, , , ,62, ,16.7, ,51, ,10.5, ,40, ,4.4, , 45, ,15, ,030, ,20, ,29.12, , , , , ,29.88, ,AA, , , ,29.87, 
14733,20160506,1054,11,FEW055 FEW140 FEW210, ,10.00, , , ,63, ,17.2, ,50, ,10.1, ,37, ,2.8, , 38, ,13, ,030, ,21, ,29.12, , , , , ,29.87, ,AA, , , ,29.87, 
14733,20160506,1154,11,FEW055 FEW140 SCT220, ,10.00, , , ,64, ,17.8, ,50, ,9.9, ,35, ,1.7, , 34, ,17, ,020, ,25, ,29.10, , , , , ,29.85, ,AA, , , ,29.85, 
14733,20160506,1254,11,FEW060 FEW140 FEW180, ,10.00, , , ,64, ,17.8, ,49, ,9.5, ,33, ,0.6, , 32, ,21, ,030, ,28, ,29.09, , , , , ,29.84, ,AA, , , ,29.84, 
14733,20160506,1354,11,FEW060 FEW140 FEW180, ,10.00, , , ,64, ,17.8, ,50, ,9.9, ,35, ,1.7, , 34, ,17, ,050, , , ,29.07, , , , , ,29.83, ,AA, , , ,29.82, 
14733,20160506,1454,11,FEW060 FEW140 BKN200, ,10.00, , , ,68, ,20.0, ,52, ,11.3, ,37, ,2.8, , 32, ,23, ,050, ,29, ,29.04, , , , , ,29.80, ,AA, , , ,29.79, 
14733,20160506,1554,11,FEW060 SCT140 SCT210, ,10.00, , , ,65, ,18.3, ,51, ,10.6, ,37, ,2.8, , 36, ,16, ,050, , , ,29.05, , , , , ,29.80, ,AA, , , ,29.80, 
14733,20160506,1654,11,FEW085 BKN130 BKN180, ,10.00, , , ,64, ,17.8, ,51, ,10.3, ,37, ,2.8, , 37, ,11, ,080, ,22, ,29.05, , , , , ,29.80, ,AA, , , ,29.80, 
14733,20160506,1754,11,BKN085 BKN130 OVC180, ,10.00, , , ,62, ,16.7, ,50, ,9.8, ,37, ,2.8, , 40, , 9, ,070, , , ,29.05, , , , , ,29.80, ,AA, , , ,29.80, 
14733,20160506,1854,11,FEW055 SCT075 BKN095, ,10.00, , , ,58, ,14.4, ,48, ,8.8, ,37, ,2.8, , 46, , 8, ,050, , , ,29.06, , , , , ,29.81, ,AA, ,  T, ,29.81, 
14733,20160506,1954,11,FEW060 BKN080 BKN220, ,10.00, , , ,58, ,14.4, ,48, ,8.6, ,36, ,2.2, , 44, , 7, ,070, , , ,29.05, , , , , ,29.80, ,AA, , , ,29.80, 
14733,20160506,2054,11,SCT065 BKN085 BKN200, ,10.00, , , ,56, ,13.3, ,47, ,8.5, ,38, ,3.3, , 51, , 6, ,120, , , ,29.06, , , , , ,29.81, ,AA, , , ,29.81, 
14733,20160506,2154,11,FEW070 SCT090 BKN200, ,10.00, , , ,55, ,12.8, ,47, ,8.4, ,39, ,3.9, , 55, , 6, ,120, , , ,29.05, , , , , ,29.80, ,AA, , , ,29.80, 
14733,20160506,2254,11,FEW070 FEW090 SCT200, ,10.00, , , ,53, ,11.7, ,46, ,7.9, ,39, ,3.9, , 59, , 5, ,170, , , ,29.04, , , , , ,29.79, ,AA, , , ,29.79, 
14733,20160506,2354,11,BKN050 BKN060, ,10.00, , , ,53, ,11.7, ,47, ,8.1, ,40, ,4.4, , 62, , 0, ,000, , , ,29.05, , , , , ,29.80, ,AA, , , ,29.80, 
14733,20160507,0054,11,BKN046 BKN075, ,10.00, , , ,52, ,11.1, ,47, ,8.3, ,42, ,5.6, , 69, , 5, ,350, , , ,29.04, , , , , ,29.79, ,AA, , , ,29.79, 
14733,20160507,0154,11,BKN042 BKN049 BKN060, ,10.00, , , ,52, ,11.1, ,47, ,8.1, ,41, ,5.0, , 66, , 0, ,000, , , ,29.03, , , , , ,29.78, ,AA, , , ,29.78, 
14733,20160507,0254,11,BKN070, ,10.00, , , ,53, ,11.7, ,48, ,8.6, ,42, ,5.6, , 66, , 3, ,100, , , ,29.02, , , , , ,29.77, ,AA, , , ,29.77, 
14733,20160507,0354,11,OVC070, ,10.00, ,-RA, ,52, ,11.1, ,48, ,8.6, ,43, ,6.1, , 72, , 0, ,000, , , ,29.01, , , , , ,29.75, ,AA, ,  T, ,29.76, 
14733,20160507,0454,11,FEW041 BKN075 BKN090, ,10.00, , , ,50, ,10.0, ,47, ,8.3, ,44, ,6.7, , 80, , 7, ,120, , , ,28.99, , , , , ,29.74, ,AA, ,0.01, ,29.74, 
14733,20160507,0554,11,FEW070 FEW190, ,10.00, , , ,50, ,10.0, ,47, ,8.3, ,44, ,6.7, , 80, , 7, ,140, , , ,28.99, , , , , ,29.75, ,AA, , , ,29.74, 
14733,20160507,0654,11,FEW070 FEW130 FEW230, ,10.00, , , ,53, ,11.7, ,48, ,9.1, ,44, ,6.7, , 72, , 7, ,140, , , ,28.99, , , , , ,29.75, ,AA, , , ,29.74, 
14733,20160507,0754,11,SCT075 SCT120 BKN230, ,10.00, , , ,58, ,14.4, ,52, ,10.9, ,46, ,7.8, , 65, , 6, ,140, , , ,29.00, , , , , ,29.75, ,AA, , , ,29.75, 
14733,20160507,0854,11,FEW035 SCT070 SCT130, ,10.00, , , ,62, ,16.7, ,54, ,11.9, ,46, ,7.8, , 56, , 6, ,180, , , ,28.98, , , , , ,29.72, ,AA, , , ,29.73, 
14733,20160507,0954,11,FEW035 SCT070 SCT140, ,10.00, , , ,63, ,17.2, ,54, ,12.1, ,46, ,7.8, , 54, , 6, ,230, , , ,28.96, , , , , ,29.70, ,AA, , , ,29.71, 
14733,20160507,1054,11,FEW035 FEW070 BKN230, ,10.00, , , ,64, ,17.8, ,54, ,12.4, ,46, ,7.8, , 52, , 7, ,210, , , ,28.93, , , , , ,29.68, ,AA, , , ,29.68, 
14733,20160507,1154,11,SCT045 BKN230, ,10.00, , , ,67, ,19.4, ,56, ,13.3, ,47, ,8.3, , 49, , 6, ,220, , , ,28.91, , , , , ,29.65, ,AA, , , ,29.66, 
14733,20160507,1254,11,BKN045 BKN200 BKN250, ,10.00, , , ,69, ,20.6, ,56, ,13.5, ,46, ,7.8, , 44, , 5, ,VR , , , ,28.89, , , , , ,29.63, ,AA, , , ,29.64, 
14733,20160507,1354,11,BKN055 BKN130 BKN250, ,10.00, , , ,70, ,21.1, ,56, ,13.5, ,45, ,7.2, , 41, ,10, ,280, , , ,28.89, , , , , ,29.64, ,AA, , , ,29.64, 
14733,20160507,1454,11,SCT065 BKN085 OVC120, ,10.00, , , ,69, ,20.6, ,55, ,12.8, ,43, ,6.1, , 39, ,11, ,250, , , ,28.87, , , , , ,29.62, ,AA, , , ,29.62, 
14733,20160507,1554,11,SCT065 BKN090 OVC120, ,10.00, , , ,68, ,20.0, ,55, ,12.6, ,43, ,6.1, , 41, , 8, ,230, , , ,28.86, , , , , ,29.61, ,AA, , , ,29.61, 
14733,20160507,1654,11,BKN100 OVC120, ,10.00, , , ,66, ,18.9, ,53, ,11.9, ,42, ,5.6, , 42, , 5, ,230, , , ,28.86, , , , , ,29.61, ,AA, , , ,29.61, 
14733,20160507,1754,11,BKN090 BKN120, ,10.00, , , ,64, ,17.8, ,52, ,11.2, ,41, ,5.0, , 43, , 6, ,250, , , ,28.85, , , , , ,29.59, ,AA, , , ,29.60, 
14733,20160507,1854,11,BKN075 OVC090, ,10.00, , , ,60, ,15.6, ,50, ,9.7, ,39, ,3.9, , 46, , 3, ,290, , , ,28.86, , , , , ,29.61, ,AA, , , ,29.61, 
14733,20160507,1954,11,BKN075 OVC090, ,10.00, , , ,60, ,15.6, ,51, ,10.4, ,42, ,5.6, , 52, , 0, ,000, , , ,28.84, , , , , ,29.58, ,AA, , , ,29.59, 
14733,20160507,2054,11,OVC060, ,10.00, ,-RA, ,58, ,14.4, ,51, ,10.7, ,45, ,7.2, , 62, , 6, ,180, , , ,28.83, , , , , ,29.58, ,AA, ,  T, ,29.58, 
14733,20160507,2154,11,OVC060, ,10.00, , , ,58, ,14.4, ,51, ,10.7, ,45, ,7.2, , 62, , 8, ,290, , , ,28.83, , , , , ,29.58, ,AA, ,  T, ,29.58, 
14733,20160507,2254,11,OVC055, ,10.00, , , ,58, ,14.4, ,49, ,9.7, ,41, ,5.0, , 53, ,11, ,280, , , ,28.84, , , , , ,29.58, ,AA, , , ,29.59, 
14733,20160507,2341,11,BKN010 OVC050, , 8.00, ,-RA, ,51, ,10.6, ,49, ,9.4, ,47, ,8.3, , 86, ,14, ,330, , , ,28.86, , , , , ,M, ,SP, , , ,29.61, 
14733,20160507,2354,11,BKN010 OVC050, ,10.00, , , ,50, ,10.0, ,48, ,9.1, ,47, ,8.3, , 90, ,14, ,330, , , ,28.87, , , , , ,29.62, ,AA, ,  T, ,29.62, 
14733,20160508,0001,11,BKN008 OVC050, ,10.00, , , ,50, ,10.0, ,48, ,8.8, ,46, ,7.8, , 86, ,18, ,320, ,25, ,28.87, , , , , ,M, ,SP, , , ,29.62, 
14733,20160508,0029,11,OVC010, ,10.00, , , ,49, ,9.4, ,47, ,8.3, ,45, ,7.2, , 86, ,15, ,310, ,25, ,28.88, , , , , ,M, ,SP, , , ,29.63, 
14733,20160508,0054,11,OVC010, , 9.00, , , ,47, ,8.3, ,45, ,7.2, ,43, ,6.1, , 86, ,20, ,320, ,28, ,28.88, , , , , ,29.63, ,AA, ,  T, ,29.63, 
14733,20160508,0154,11,BKN013 BKN200, ,10.00, , , ,47, ,8.3, ,44, ,6.7, ,41, ,5.0, , 80, ,14, ,310, ,24, ,28.91, , , , , ,29.65, ,AA, , , ,29.66, 
14733,20160508,0214,11,BKN015 BKN200, ,10.00, , , ,46, ,7.8, ,43, ,6.2, ,40, ,4.4, , 80, ,16, ,320, ,22, ,28.92, , , , , ,M, ,SP, , , ,29.67, 
14733,20160508,0252,11,SCT015 SCT220, ,10.00, , , ,45, ,7.0, ,41, ,5.2, ,37, ,3.0, , 74, ,10, ,320, , , ,28.93, , , , , ,M, ,SP, , , ,29.68, 
14733,20160508,0254,11,SCT015 SCT220, ,10.00, , , ,44, ,6.7, ,41, ,5.1, ,38, ,3.3, , 80, ,13, ,320, , , ,28.93, , , , , ,29.68, ,AA, , , ,29.68, 
14733,20160508,0354,11,FEW017 FEW270, ,10.00, , , ,43, ,6.1, ,40, ,4.1, ,35, ,1.7, , 73, , 9, ,330, , , ,28.96, , , , , ,29.71, ,AA, , , ,29.71, 
14733,20160508,0454,11,FEW017, ,10.00, , , ,42, ,5.6, ,38, ,3.2, ,32, ,0.0, , 68, , 8, ,300, , , ,29.01, , , , , ,29.77, ,AA, , , ,29.76, 
14733,20160508,0554,11,FEW050 FEW250, ,10.00, , , ,43, ,6.1, ,39, ,3.7, ,33, ,0.6, , 68, , 6, ,300, , , ,29.04, , , , , ,29.79, ,AA, , , ,29.79, 
14733,20160508,0654,11,FEW065 FEW250, ,10.00, , , ,44, ,6.7, ,40, ,4.4, ,35, ,1.7, , 71, , 9, ,300, , , ,29.06, , , , , ,29.82, ,AA, , , ,29.81, 
14733,20160508,0754,11,FEW060 BKN085 BKN120, ,10.00, , , ,46, ,7.8, ,40, ,4.6, ,33, ,0.6, , 61, , 7, ,280, , , ,29.09, , , , , ,29.85, ,AA, , , ,29.84, 
14733,20160508,0854,11,FEW035 SCT065 BKN080, ,10.00, , , ,48, ,8.9, ,41, ,5.0, ,32, ,0.0, , 54, , 5, ,260, , , ,29.10, , , , , ,29.85, ,AA, , , ,29.85, 
14733,20160508,0954,11,FEW040 FEW065 FEW080, ,10.00, , , ,51, ,10.6, ,43, ,6.0, ,33, ,0.6, , 50, ,11, ,270, , , ,29.10, , , , , ,29.85, ,AA, , , ,29.85, 
14733,20160508,1054,11,FEW037 SCT070 SCT110, ,10.00, , , ,51, ,10.6, ,44, ,6.5, ,35, ,1.7, , 54, ,15, ,230, , , ,29.10, , , , , ,29.86, ,AA, , , ,29.86, 
14733,20160508,1154,11,FEW040 FEW050 SCT065, ,10.00, , , ,53, ,11.7, ,43, ,5.8, ,29, ,-1.7, , 40, ,17, ,240, , , ,29.10, , , , , ,29.87, ,AA, , , ,29.86, 
14733,20160508,1254,11,SCT065 BKN085 BKN110, ,10.00, , , ,54, ,12.2, ,44, ,6.9, ,33, ,0.6, , 45, ,20, ,230, , , ,29.10, , , , , ,29.86, ,AA, , , ,29.86, 
14733,20160508,1354,11,BKN041 BKN050 BKN065, ,10.00, , , ,49, ,9.4, ,44, ,6.6, ,38, ,3.3, , 66, ,16, ,230, ,31, ,29.10, , , , , ,29.88, ,AA, ,  T, ,29.86, 
14733,20160508,1454,11,BKN065 BKN110 BKN200, ,10.00, , , ,52, ,11.1, ,46, ,7.6, ,39, ,3.9, , 61, ,21, ,250, ,30, ,29.10, , , , , ,29.86, ,AA, , , ,29.85, 
14733,20160508,1554,11,SCT048 BKN065 BKN110, ,10.00, , , ,51, ,10.6, ,45, ,7.1, ,38, ,3.3, , 61, ,13, ,250, ,24, ,29.10, , , , , ,29.86, ,AA, ,  T, ,29.85, 
14733,20160508,1654,11,BKN045 BKN070 BKN110, ,10.00, , , ,51, ,10.6, ,45, ,7.1, ,38, ,3.3, , 61, ,17, ,240, ,28, ,29.10, , , , , ,29.87, ,AA, ,  T, ,29.86, 
14733,20160508,1754,11,BKN050 BKN070 BKN120, ,10.00, ,-RA, ,51, ,10.6, ,46, ,7.6, ,40, ,4.4, , 66, ,13, ,240, , , ,29.12, , , , , ,29.88, ,AA, ,  T, ,29.87, 
14733,20160508,1854,11,SCT065 BKN110 BKN200, ,10.00, , , ,52, ,11.1, ,45, ,7.0, ,36, ,2.2, , 55, ,13, ,250, , , ,29.13, , , , , ,29.89, ,AA, , , ,29.88, 
14733,20160508,1954,11,SCT070 BKN095 BKN180, ,10.00, , , ,49, ,9.4, ,44, ,6.6, ,38, ,3.3, , 66, , 9, ,210, , , ,29.13, , , , , ,29.90, ,AA, , , ,29.88, 
14733,20160508,2054,11,BKN070 BKN090 OVC120, ,10.00, , , ,49, ,9.4, ,44, ,6.8, ,39, ,3.9, , 69, , 8, ,230, , , ,29.15, , , , , ,29.91, ,AA, , , ,29.90, 
14733,20160508,2154,11,BKN080 OVC110, ,10.00, , , ,48, ,8.9, ,44, ,6.5, ,39, ,3.9, , 71, , 5, ,220, , , ,29.16, , , , , ,29.93, ,AA, , , ,29.92, 
14733,20160508,2254,11,SCT070 BKN110, ,10.00, , , ,48, ,8.9, ,44, ,6.5, ,39, ,3.9, , 71, , 3, ,240, , , ,29.16, , , , , ,29.93, ,AA, , , ,29.92, 
14733,20160508,2354,11,SCT075 BKN110, ,10.00, , , ,49, ,9.4, ,43, ,6.1, ,36, ,2.2, , 61, , 7, ,010, , , ,29.18, , , , , ,29.94, ,AA, , , ,29.94, 
14733,20160509,0054,11,SCT080 BKN100, ,10.00, , , ,47, ,8.3, ,41, ,5.1, ,34, ,1.1, , 61, , 6, ,010, , , ,29.18, , , , , ,29.95, ,AA, , , ,29.94, 
14733,20160509,0154,11,SCT085 BKN100, ,10.00, , , ,45, ,7.2, ,40, ,4.5, ,34, ,1.1, , 65, , 6, ,350, , , ,29.21, , , , , ,29.97, ,AA, , , ,29.96, 
14733,20160509,0254,11,FEW080 SCT100, ,10.00, , , ,42, ,5.6, ,39, ,3.6, ,34, ,1.1, , 73, , 6, ,350, , , ,29.22, , , , , ,29.99, ,AA, , , ,29.98, 
14733,20160509,0354,11,FEW100, ,10.00, , , ,41, ,5.0, ,38, ,3.3, ,34, ,1.1, , 76, , 0, ,000, , , ,29.23, , , , , ,30.01, ,AA, , , ,29.99, 
14733,20160509,0454,11,FEW100, ,10.00, , , ,40, ,4.4, ,37, ,2.8, ,33, ,0.6, , 76, , 3, ,210, , , ,29.25, , , , , ,30.02, ,AA, , , ,30.01, 
14733,20160509,0554,11,FEW250, ,10.00, , , ,42, ,5.6, ,39, ,4.0, ,36, ,2.2, , 79, , 0, ,000, , , ,29.27, , , , , ,30.04, ,AA, , , ,30.03, 
14733,20160509,0654,11,FEW100 FEW250, ,10.00, , , ,45, ,7.2, ,41, ,4.7, ,35, ,1.7, , 68, , 0, ,000, , , ,29.28, , , , , ,30.05, ,AA, , , ,30.04, 
14733,20160509,0754,11,FEW029 FEW060 FEW260, ,10.00, , , ,48, ,8.9, ,42, ,5.6, ,35, ,1.7, , 61, , 6, ,VR , , , ,29.30, , , , , ,30.07, ,AA, , , ,30.06, 
14733,20160509,0854,11,FEW033 FEW060 FEW260, ,10.00, , , ,50, ,10.0, ,43, ,6.2, ,35, ,1.7, , 57, , 3, ,VR , , , ,29.33, , , , , ,30.10, ,AA, , , ,30.09, 
14733,20160509,0954,11,FEW038 FEW260, ,10.00, , , ,52, ,11.1, ,44, ,6.5, ,34, ,1.1, , 50, , 9, ,300, , , ,29.34, , , , , ,30.11, ,AA, , , ,30.10, 
14733,20160509,1054,11,FEW042 FEW260, ,10.00, , , ,54, ,12.2, ,44, ,6.9, ,33, ,0.6, , 45, , 6, ,VR , , , ,29.35, , , , , ,30.12, ,AA, , , ,30.11, 
14733,20160509,1154,11,FEW044 FEW200 SCT250, ,10.00, , , ,54, ,12.2, ,44, ,6.9, ,33, ,0.6, , 45, ,13, ,300, ,18, ,29.35, , , , , ,30.12, ,AA, , , ,30.11, 
14733,20160509,1254,11,FEW050 FEW150 FEW200, ,10.00, , , ,55, ,12.8, ,45, ,7.2, ,33, ,0.6, , 43, ,11, ,320, ,17, ,29.35, , , , , ,30.12, ,AA, , , ,30.11, 
14733,20160509,1354,11,FEW060 FEW150 FEW200, ,10.00, , , ,58, ,14.4, ,44, ,6.5, ,25, ,-3.9, , 28, ,11, ,300, ,22, ,29.35, , , , , ,30.12, ,AA, , , ,30.11, 
14733,20160509,1454,11,FEW060 FEW150 FEW200, ,10.00, , , ,59, ,15.0, ,46, ,7.5, ,29, ,-1.7, , 32, ,15, ,330, , , ,29.34, , , , , ,30.10, ,AA, , , ,30.10, 
14733,20160509,1554,11,FEW060 SCT250 SCT300, ,10.00, , , ,59, ,15.0, ,45, ,7.0, ,26, ,-3.3, , 28, , 5, ,VR , , , ,29.34, , , , , ,30.11, ,AA, , , ,30.10, 
14733,20160509,1654,11,FEW060 FEW250 FEW300, ,10.00, , , ,59, ,15.0, ,46, ,7.9, ,31, ,-0.6, , 35, , 6, ,VR , , , ,29.34, , , , , ,30.10, ,AA, , , ,30.10, 
14733,20160509,1754,11,FEW060 FEW250 FEW300, ,10.00, , , ,57, ,13.9, ,46, ,7.7, ,33, ,0.6, , 40, , 5, ,290, , , ,29.34, , , , , ,30.11, ,AA, , , ,30.10, 
14733,20160509,1854,11,FEW200 SCT250 SCT300, ,10.00, , , ,54, ,12.2, ,45, ,7.1, ,34, ,1.1, , 47, , 5, ,270, , , ,29.35, , , , , ,30.11, ,AA, , , ,30.11, 
14733,20160509,1954,11,FEW200 FEW250 SCT300, ,10.00, , , ,53, ,11.7, ,44, ,6.8, ,34, ,1.1, , 49, , 3, ,210, , , ,29.37, , , , , ,30.14, ,AA, , , ,30.13, 
14733,20160509,2054,11,FEW250 BKN300, ,10.00, , , ,51, ,10.6, ,43, ,6.3, ,34, ,1.1, , 52, , 0, ,000, , , ,29.40, , , , , ,30.17, ,AA, , , ,30.16, 
14733,20160509,2154,11,FEW250 BKN300, ,10.00, , , ,50, ,10.0, ,42, ,5.6, ,32, ,0.0, , 50, , 3, ,050, , , ,29.41, , , , , ,30.17, ,AA, , , ,30.17, 
14733,20160509,2254,11,FEW250 SCT300, ,10.00, , , ,48, ,8.9, ,42, ,5.6, ,35, ,1.7, , 61, , 0, ,000, , , ,29.41, , , , , ,30.18, ,AA, , , ,30.17, 
14733,20160509,2354,11,FEW300, ,10.00, , , ,47, ,8.3, ,42, ,5.3, ,35, ,1.7, , 63, , 0, ,000, , , ,29.42, , , , , ,30.19, ,AA, , , ,30.18, 
14733,20160510,0054,11,FEW300, ,10.00, , , ,43, ,6.1, ,38, ,3.1, ,30, ,-1.1, , 60, , 6, ,140, , , ,29.44, , , , , ,30.21, ,AA, , , ,30.20, 
14733,20160510,0154,11,FEW300, ,10.00, , , ,42, ,5.6, ,37, ,2.8, ,30, ,-1.1, , 63, , 5, ,060, , , ,29.44, , , , , ,30.21, ,AA, , , ,30.20, 
14733,20160510,0254,11,FEW300, ,10.00, , , ,41, ,5.0, ,37, ,2.7, ,31, ,-0.6, , 68, , 5, ,050, , , ,29.45, , , , , ,30.22, ,AA, , , ,30.21, 
14733,20160510,0354,11,FEW300, ,10.00, , , ,42, ,5.6, ,37, ,2.8, ,30, ,-1.1, , 63, , 3, ,100, , , ,29.46, , , , , ,30.23, ,AA, , , ,30.22, 
14733,20160510,0454,11,FEW300, ,10.00, , , ,39, ,3.9, ,35, ,1.6, ,29, ,-1.7, , 67, , 3, ,080, , , ,29.48, , , , , ,30.24, ,AA, , , ,30.24, 
14733,20160510,0554,11,SCT300, ,10.00, , , ,41, ,5.0, ,37, ,2.5, ,30, ,-1.1, , 65, , 3, ,110, , , ,29.49, , , , , ,30.25, ,AA, , , ,30.25, 
14733,20160510,0654,11,BKN300, ,10.00, , , ,44, ,6.7, ,39, ,3.6, ,31, ,-0.6, , 60, , 3, ,080, , , ,29.49, , , , , ,30.26, ,AA, , , ,30.25, 
14733,20160510,0754,11,FEW080 FEW150 BKN230, ,10.00, , , ,49, ,9.4, ,41, ,4.9, ,30, ,-1.1, , 48, , 6, ,120, , , ,29.49, , , , , ,30.27, ,AA, , , ,30.25, 
14733,20160510,0854,11,FEW080 SCT150 BKN230, ,10.00, , , ,54, ,12.2, ,43, ,6.3, ,30, ,-1.1, , 40, , 6, ,080, , , ,29.50, , , , , ,30.26, ,AA, , , ,30.26, 
14733,20160510,0954,11,FEW080 FEW110 FEW160, ,10.00, , , ,57, ,13.9, ,45, ,7.0, ,29, ,-1.7, , 34, , 7, ,140, , , ,29.49, , , , , ,30.25, ,AA, , , ,30.25, 
14733,20160510,1054,11,FEW080 FEW110 SCT160, ,10.00, , , ,60, ,15.6, ,45, ,7.3, ,26, ,-3.3, , 27, , 5, ,090, , , ,29.48, , , , , ,30.24, ,AA, , , ,30.24, 
14733,20160510,1154,11,FEW080 BKN150 BKN220, ,10.00, , , ,61, ,16.1, ,46, ,7.7, ,27, ,-2.8, , 27, , 7, ,VR , , , ,29.47, , , , , ,30.23, ,AA, , , ,30.23, 
14733,20160510,1254,11,FEW080 BKN150 BKN220, ,10.00, , , ,61, ,16.1, ,45, ,7.4, ,25, ,-3.9, , 25, , 3, ,VR , , , ,29.45, , , , , ,30.22, ,AA, , , ,30.21, 
14733,20160510,1354,11,FEW080 SCT150 BKN220, ,10.00, , , ,64, ,17.8, ,47, ,8.0, ,24, ,-4.4, , 22, , 3, ,VR , , , ,29.44, , , , , ,30.20, ,AA, , , ,30.20, 
14733,20160510,1454,11,FEW080 BKN150 BKN220, ,10.00, , , ,64, ,17.8, ,47, ,8.3, ,26, ,-3.3, , 24, , 5, ,VR , , , ,29.41, , , , , ,30.18, ,AA, , , ,30.17, 
14733,20160510,1554,11,FEW100 SCT210 BKN270, ,10.00, , , ,65, ,18.3, ,47, ,8.4, ,25, ,-3.9, , 22, , 0, ,000, , , ,29.40, , , , , ,30.16, ,AA, , , ,30.16, 
14733,20160510,1654,11,FEW100 SCT230 BKN300, ,10.00, , , ,64, ,17.8, ,49, ,9.5, ,33, ,0.6, , 32, ,11, ,040, , , ,29.39, , , , , ,30.16, ,AA, , , ,30.15, 
14733,20160510,1754,11,FEW100 FEW220 BKN300, ,10.00, , , ,62, ,16.7, ,48, ,8.8, ,32, ,0.0, , 32, ,13, ,040, , , ,29.38, , , , , ,30.15, ,AA, , , ,30.14, 
14733,20160510,1854,11,FEW095 FEW230 SCT300, ,10.00, , , ,59, ,15.0, ,47, ,8.1, ,32, ,0.0, , 36, ,10, ,040, , , ,29.39, , , , , ,30.16, ,AA, , , ,30.15, 
14733,20160510,1954,11,FEW095 FEW230 FEW300, ,10.00, , , ,55, ,12.8, ,44, ,6.8, ,31, ,-0.6, , 40, , 8, ,040, , , ,29.40, , , , , ,30.16, ,AA, , , ,30.16, 
14733,20160510,2054,11,FEW100 FEW250 FEW300, ,10.00, , , ,53, ,11.7, ,43, ,6.2, ,31, ,-0.6, , 43, ,10, ,050, , , ,29.42, , , , , ,30.18, ,AA, , , ,30.18, 
14733,20160510,2154,11,FEW100 FEW300, ,10.00, , , ,52, ,11.1, ,43, ,5.9, ,31, ,-0.6, , 45, , 7, ,080, , , ,29.42, , , , , ,30.18, ,AA, , , ,30.18, 
14733,20160510,2254,11,FEW100 FEW300, ,10.00, , , ,50, ,10.0, ,41, ,5.2, ,30, ,-1.1, , 46, ,13, ,070, , , ,29.40, , , , , ,30.17, ,AA, , , ,30.16, 
14733,20160510,2354,11,SCT300, ,10.00, , , ,49, ,9.4, ,41, ,4.9, ,30, ,-1.1, , 48, , 7, ,120, , , ,29.41, , , , , ,30.18, ,AA, , , ,30.17, 
14733,20160511,0054,11,BKN250, ,10.00, , , ,48, ,8.9, ,40, ,4.6, ,30, ,-1.1, , 50, , 6, ,120, , , ,29.40, , , , , ,30.16, ,AA, , , ,30.16, 
14733,20160511,0154,11,BKN250, ,10.00, , , ,47, ,8.3, ,40, ,4.5, ,31, ,-0.6, , 54, , 6, ,080, , , ,29.39, , , , , ,30.16, ,AA, , , ,30.15, 
14733,20160511,0254,11,BKN250, ,10.00, , , ,47, ,8.3, ,41, ,4.7, ,32, ,0.0, , 56, , 5, ,090, , , ,29.40, , , , , ,30.16, ,AA, , , ,30.16, 
14733,20160511,0354,11,BKN250, ,10.00, , , ,46, ,7.8, ,40, ,4.6, ,33, ,0.6, , 61, , 7, ,080, , , ,29.40, , , , , ,30.16, ,AA, , , ,30.16, 
14733,20160511,0454,11,BKN250, ,10.00, , , ,47, ,8.3, ,41, ,5.1, ,34, ,1.1, , 61, , 6, ,090, , , ,29.40, , , , , ,30.16, ,AA, , , ,30.16, 
14733,20160511,0554,11,BKN250, ,10.00, , , ,51, ,10.6, ,44, ,6.7, ,36, ,2.2, , 57, , 7, ,060, , , ,29.41, , , , , ,30.17, ,AA, , , ,30.17, 
14733,20160511,0654,11,BKN250, ,10.00, , , ,57, ,13.9, ,47, ,8.5, ,37, ,2.8, , 47, , 7, ,050, , , ,29.42, , , , , ,30.19, ,AA, , , ,30.18, 
14733,20160511,0754,11,FEW150 BKN250, ,10.00, , , ,61, ,16.1, ,48, ,8.8, ,33, ,0.6, , 35, ,14, ,070, , , ,29.43, , , , , ,30.19, ,AA, , , ,30.19, 
14733,20160511,0854,11,FEW150 BKN240, ,10.00, , , ,63, ,17.2, ,48, ,9.1, ,32, ,0.0, , 31, ,17, ,080, , , ,29.42, , , , , ,30.18, ,AA, , , ,30.18, 
14733,20160511,0954,11,FEW150 BKN240, ,10.00, , , ,65, ,18.3, ,49, ,9.6, ,32, ,0.0, , 29, ,14, ,080, , , ,29.41, , , , , ,30.16, ,AA, , , ,30.17, 
14733,20160511,1054,11,FEW130 BKN230, ,10.00, , , ,68, ,20.0, ,51, ,10.5, ,33, ,0.6, , 27, ,13, ,080, ,16, ,29.40, , , , , ,30.16, ,AA, , , ,30.16, 
14733,20160511,1154,11,FEW130 BKN230, ,10.00, , , ,69, ,20.6, ,52, ,11.0, ,34, ,1.1, , 28, , 9, ,050, , , ,29.39, , , , , ,30.15, ,AA, , , ,30.15, 
14733,20160511,1254,11,FEW065 FEW130 BKN230, ,10.00, , , ,71, ,21.7, ,53, ,11.8, ,36, ,2.2, , 28, ,10, ,080, , , ,29.38, , , , , ,30.14, ,AA, , , ,30.14, 
14733,20160511,1354,11,FEW065 FEW130 BKN230, ,10.00, , , ,72, ,22.2, ,54, ,12.3, ,37, ,2.8, , 28, ,10, ,090, , , ,29.37, , , , , ,30.13, ,AA, , , ,30.13, 
14733,20160511,1454,11,FEW065 FEW130 BKN230, ,10.00, , , ,74, ,23.3, ,54, ,12.2, ,34, ,1.1, , 23, ,13, ,060, , , ,29.36, , , , , ,30.11, ,AA, , , ,30.12, 
14733,20160511,1554,11,FEW065 SCT140 BKN200, ,10.00, , , ,74, ,23.3, ,54, ,12.2, ,34, ,1.1, , 23, , 8, ,040, , , ,29.34, , , , , ,30.10, ,AA, , , ,30.10, 
14733,20160511,1654,11,FEW065 FEW120 SCT160, ,10.00, , , ,74, ,23.3, ,54, ,12.3, ,35, ,1.7, , 24, ,13, ,020, , , ,29.34, , , , , ,30.10, ,AA, , , ,30.10, 
14733,20160511,1754,11,FEW065 FEW160 SCT200, ,10.00, , , ,71, ,21.7, ,54, ,12.2, ,38, ,3.3, , 30, ,15, ,030, , , ,29.34, , , , , ,30.10, ,AA, , , ,30.10, 
14733,20160511,1854,11,FEW100 FEW160 SCT200, ,10.00, , , ,66, ,18.9, ,52, ,10.8, ,37, ,2.8, , 34, ,10, ,050, , , ,29.34, , , , , ,30.10, ,AA, , , ,30.10, 
14733,20160511,1954,11,SCT180 BKN250, ,10.00, , , ,61, ,16.1, ,49, ,9.6, ,37, ,2.8, , 41, , 8, ,050, , , ,29.36, , , , , ,30.11, ,AA, , , ,30.12, 
14733,20160511,2054,11,SCT180 BKN250, ,10.00, , , ,59, ,15.0, ,48, ,8.9, ,36, ,2.2, , 42, , 8, ,060, , , ,29.36, , , , , ,30.12, ,AA, , , ,30.12, 
14733,20160511,2154,11,BKN230, ,10.00, , , ,58, ,14.4, ,47, ,8.2, ,34, ,1.1, , 41, , 9, ,080, , , ,29.36, , , , , ,30.12, ,AA, , , ,30.12, 
14733,20160511,2254,11,FEW230, ,10.00, , , ,57, ,13.9, ,46, ,7.7, ,33, ,0.6, , 40, , 6, ,090, , , ,29.37, , , , , ,30.12, ,AA, , , ,30.13, 
14733,20160511,2354,11,FEW250, ,10.00, , , ,56, ,13.3, ,46, ,7.6, ,34, ,1.1, , 44, , 6, ,100, , , ,29.36, , , , , ,30.11, ,AA, , , ,30.12, 
14733,20160512,0054,11,SCT250, ,10.00, , , ,55, ,12.8, ,46, ,7.8, ,36, ,2.2, , 49, , 8, ,110, , , ,29.34, , , , , ,30.09, ,AA, , , ,30.10, 
14733,20160512,0154,11,SCT250, ,10.00, , , ,54, ,12.2, ,46, ,7.5, ,36, ,2.2, , 51, , 7, ,120, , , ,29.33, , , , , ,30.09, ,AA, , , ,30.09, 
14733,20160512,0254,11,BKN250, ,10.00, , , ,53, ,11.7, ,46, ,7.5, ,37, ,2.8, , 55, , 5, ,120, , , ,29.33, , , , , ,30.09, ,AA, , , ,30.09, 
14733,20160512,0354,11,BKN250, ,10.00, , , ,53, ,11.7, ,46, ,7.9, ,39, ,3.9, , 59, , 7, ,110, , , ,29.32, , , , , ,30.08, ,AA, , , ,30.08, 
14733,20160512,0454,11,BKN250, ,10.00, , , ,54, ,12.2, ,47, ,8.2, ,39, ,3.9, , 57, , 5, ,150, , , ,29.32, , , , , ,30.08, ,AA, , , ,30.08, 
14733,20160512,0554,11,FEW200 BKN250, ,10.00, , , ,55, ,12.8, ,47, ,8.5, ,39, ,3.9, , 55, , 5, ,160, , , ,29.32, , , , , ,30.08, ,AA, , , ,30.08, 
14733,20160512,0654,11,FEW200 BKN250, ,10.00, , , ,60, ,15.6, ,51, ,10.7, ,43, ,6.1, , 54, , 0, ,000, , , ,29.32, , , , , ,30.07, ,AA, , , ,30.08, 
14733,20160512,0754,11,SCT200 BKN250, ,10.00, , , ,66, ,18.9, ,55, ,12.9, ,46, ,7.8, , 49, , 0, ,000, , , ,29.30, , , , , ,30.06, ,AA, , , ,30.06, 
14733,20160512,0854,11,SCT200 BKN250, ,10.00, , , ,71, ,21.7, ,58, ,14.5, ,48, ,8.9, , 44, , 7, ,130, , , ,29.28, , , , , ,30.03, ,AA, , , ,30.04, 
14733,20160512,0954,11,FEW150 SCT200 BKN250, ,10.00, , , ,74, ,23.3, ,60, ,15.7, ,50, ,10.0, , 43, , 6, ,150, , , ,29.25, , , , , ,30.01, ,AA, , , ,30.01, 
14733,20160512,1054,11,FEW035 FEW150 SCT200, ,10.00, , , ,77, ,25.0, ,62, ,16.5, ,51, ,10.6, , 40, , 0, ,000, , , ,29.23, , , , , ,29.98, ,AA, , , ,29.99, 
14733,20160512,1154,11,FEW050 FEW150 SCT200, ,10.00, , , ,78, ,25.6, ,64, ,17.5, ,54, ,12.2, , 44, ,11, ,240, ,16, ,29.22, , , , , ,29.98, ,AA, , , ,29.98, 
14733,20160512,1254,11,FEW050 FEW150 SCT200, ,10.00, , , ,78, ,25.6, ,64, ,17.5, ,54, ,12.2, , 44, , 6, ,260, , , ,29.19, , , , , ,29.94, ,AA, , , ,29.95, 
14733,20160512,1354,11,FEW050 SCT120 SCT200, ,10.00, , , ,79, ,26.1, ,64, ,17.7, ,54, ,12.2, , 42, , 9, ,250, , , ,29.18, , , , , ,29.93, ,AA, , , ,29.94, 
14733,20160512,1454,11,FEW050 FEW120 SCT200, ,10.00, , , ,80, ,26.7, ,64, ,17.9, ,54, ,12.2, , 41, ,11, ,240, ,18, ,29.18, , , , , ,29.92, ,AA, , , ,29.93, 
14733,20160512,1554,11,FEW050 FEW110 BKN210, ,10.00, , , ,78, ,25.6, ,64, ,17.5, ,54, ,12.2, , 44, , 8, ,260, , , ,29.15, , , , , ,29.90, ,AA, , , ,29.91, 
14733,20160512,1654,11,FEW050 FEW100 BKN190, ,10.00, , , ,77, ,25.0, ,63, ,17.3, ,54, ,12.2, , 45, , 8, ,250, , , ,29.13, , , , , ,29.88, ,AA, , , ,29.89, 
14733,20160512,1854,11,FEW050 SCT100 SCT170, ,10.00, , , ,72, ,22.2, ,62, ,16.9, ,56, ,13.3, , 57, , 6, ,190, , , ,29.10, , , , , ,29.85, ,AA, , , ,29.86, 
14733,20160512,1954,11,FEW050 SCT100 BKN140, ,10.00, , , ,72, ,22.2, ,62, ,16.9, ,56, ,13.3, , 57, , 0, ,000, , , ,29.08, , , , , ,29.83, ,AA, , , ,29.83, 
14733,20160512,2054,11,SCT065 BKN110 OVC170, ,10.00, , , ,71, ,21.7, ,62, ,16.7, ,56, ,13.3, , 59, ,14, ,180, , , ,29.09, , , , , ,29.83, ,AA, , , ,29.84, 
14733,20160512,2154,11,SCT060 BKN100 OVC130, ,10.00, ,-RA, ,70, ,21.1, ,62, ,16.7, ,57, ,13.9, , 64, , 8, ,190, , , ,29.06, , , , , ,29.80, ,AA, ,  T, ,29.81, 
14733,20160512,2254,11,FEW045 BKN095 OVC120, ,10.00, ,-RA, ,69, ,20.6, ,62, ,16.8, ,58, ,14.4, , 68, , 9, ,190, , , ,29.04, , , , , ,29.78, ,AA, ,  T, ,29.79, 
14733,20160512,2354,11,FEW060 OVC110, ,10.00, , , ,69, ,20.6, ,62, ,16.5, ,57, ,13.9, , 66, ,11, ,200, , , ,29.03, , , , , ,29.76, ,AA, ,  T, ,29.78, 

